eval_accuracy = 0.9063545150501672
eval_loss = 0.004690707117319107
global_step = 750
loss = 0.0009538854181300848
